#Scan axis position	Step axis position	Signal
49,934	49,455	1,659
49,954	49,459	1,660
49,954	49,463	1,659
49,969	49,639	1,656
49,993	49,852	1,652
50,008	49,947	1,649
50,013	49,991	1,647
49,998	50,000	1,647
50,017	49,993	1,648
50,041	49,962	1,648
50,095	49,901	1,647
50,125	49,820	1,647
50,135	49,719	1,650
50,106	49,625	1,653
50,062	49,533	1,655
49,935	49,461	1,659
49,817	49,443	1,663
49,641	49,475	1,668
49,382	49,577	1,674
49,178	49,710	1,676
49,056	49,922	1,676
48,982	50,159	1,673
48,972	50,454	1,665
49,065	50,777	1,653
49,172	51,062	1,637
49,383	51,294	1,619
49,734	51,446	1,603
50,130	51,539	1,578
50,541	51,491	1,564
50,965	51,353	1,548
51,341	51,134	1,543
51,687	50,791	1,548
51,883	50,371	1,548
51,981	49,892	1,563
51,986	49,374	1,574
51,835	48,848	1,589
51,620	48,369	1,604
51,170	47,983	1,619
50,600	47,696	1,644
49,945	47,543	1,656
49,339	47,551	1,666
48,728	47,728	1,672
48,123	48,054	1,680
47,605	48,531	1,687
47,225	49,149	1,693
47,039	49,862	1,690
47,009	50,617	1,672
47,140	51,405	1,639
47,472	52,119	1,594
48,050	52,757	1,545
48,831	53,215	1,490
49,690	53,448	1,440
50,568	53,471	1,393
51,467	53,295	1,375
52,312	52,901	1,364
53,074	52,301	1,366
53,602	51,519	1,386
53,920	50,589	1,408
53,983	49,563	1,446
53,847	48,526	1,472
53,515	47,577	1,492
52,793	46,726	1,530
51,870	46,077	1,564
50,829	45,683	1,591
49,706	45,545	1,617
48,559	45,679	1,632
47,504	46,089	1,640
46,531	46,751	1,655
45,691	47,663	1,679
45,154	48,771	1,686
44,934	50,015	1,657
45,026	51,292	1,594
45,343	52,536	1,508
46,110	53,635	1,418
47,145	54,537	1,329
48,381	55,162	1,249
49,733	55,448	1,190
51,193	55,403	1,151
52,615	55,035	1,126
53,855	54,357	1,106
54,886	53,377	1,119
55,633	52,094	1,155
55,971	50,614	1,216
55,976	49,055	1,275
55,713	47,531	1,306
54,971	46,139	1,344
53,872	44,989	1,395
52,470	44,141	1,426
50,893	43,649	1,470
49,268	43,544	1,516
47,612	43,835	1,550
46,122	44,500	1,584
44,812	45,518	1,624
43,718	46,921	1,646
43,043	48,554	1,609
42,862	50,347	1,536
43,078	52,120	1,408
43,727	53,800	1,267
44,878	55,257	1,156
46,358	56,378	1,061
48,097	57,146	1,007
50,035	57,446	0,969
52,014	57,298	0,938
53,884	56,730	0,900
55,534	55,745	0,856
56,801	54,342	0,814
57,661	52,531	0,811
58,018	50,491	0,917
57,944	48,353	0,988
57,447	46,357	1,032
56,338	44,609	1,090
54,796	43,184	1,158
52,916	42,181	1,198
50,816	41,602	1,256
48,633	41,564	1,317
46,552	42,036	1,379
44,637	42,976	1,434
42,957	44,407	1,475
41,716	46,300	1,460
40,953	48,498	1,348
40,850	50,834	1,208
41,216	53,111	1,035
42,241	55,196	0,922
43,754	56,961	0,907
45,693	58,322	0,851
47,959	59,181	0,818
50,450	59,445	0,802
52,965	59,168	0,786
55,324	58,361	0,701
57,288	57,032	0,604
58,794	55,162	0,480
59,731	52,832	0,408
60,060	50,177	0,488
59,864	47,527	0,564
59,118	45,073	0,647
57,643	42,986	0,753
55,621	41,353	0,821
53,224	40,160	0,873
50,583	39,542	0,933
47,871	39,600	1,006
45,311	40,261	1,079
42,963	41,503	1,123
41,047	43,372	1,134
39,630	45,816	1,081
38,878	48,624	0,888
38,891	51,486	0,625
39,433	54,236	0,544
40,814	56,700	0,636
42,733	58,769	0,704
45,194	60,343	0,658
47,974	61,266	0,632
51,050	61,454	0,621
54,079	60,971	0,603
56,843	59,897	0,511
59,154	58,188	0,389
60,795	55,859	0,264
61,783	52,952	0,213
62,087	49,721	0,238
61,760	46,555	0,260
60,716	43,686	0,316
58,850	41,294	0,421
56,312	39,441	0,458
53,347	38,106	0,514
50,148	37,475	0,557
46,940	37,676	0,618
43,930	38,566	0,664
41,195	40,146	0,690
39,030	42,459	0,681
37,501	45,466	0,641
36,773	48,866	0,486
36,938	52,297	0,399
37,753	55,481	0,430
39,467	58,314	0,476
41,859	60,691	0,519
44,808	62,445	0,493
48,153	63,378	0,489
51,769	63,436	0,491
55,353	62,719	0,473
58,508	61,343	0,358
61,062	59,211	0,282
62,855	56,370	0,212
63,877	52,925	0,147
64,084	49,109	0,185
63,620	45,444	0,166
62,239	42,215	0,161
59,983	39,541	0,198
56,878	37,432	0,228
53,318	35,989	0,284
49,602	35,423	0,317
45,942	35,812	0,332
42,426	36,978	0,341
39,300	38,905	0,339
36,941	41,683	0,334
35,391	45,257	0,313
34,755	49,283	0,258
35,042	53,233	0,223
36,165	56,832	0,257
38,244	60,033	0,347
41,110	62,730	0,395
44,622	64,608	0,405
48,485	65,489	0,391
52,696	65,364	0,385
56,735	64,442	0,348
60,256	62,665	0,268
62,998	60,098	0,256
64,942	56,766	0,165
65,988	52,744	0,165
66,057	48,345	0,175
65,427	44,201	0,131
63,618	40,653	0,153
60,955	37,678	0,152
57,348	35,348	0,170
53,181	33,826	0,205
48,883	33,383	0,219
44,761	33,996	0,219
40,795	35,465	0,246
37,317	37,811	0,223
34,821	41,060	0,219
33,282	45,207	0,211
32,772	49,850	0,166
33,158	54,294	0,138
34,636	58,295	0,215
37,122	61,901	0,303
40,471	64,872	0,328
44,529	66,778	0,316
48,988	67,558	0,310
53,745	67,253	0,337
58,234	66,055	0,267
62,064	63,921	0,191
65,048	60,854	0,189
67,081	57,003	0,203
68,099	52,409	0,197
68,064	47,459	0,169
67,123	42,881	0,157
64,950	39,018	0,163
61,797	35,708	0,152
57,645	33,142	0,174
52,890	31,628	0,202
48,035	31,389	0,174
43,425	32,247	0,175
39,018	34,071	0,183
35,276	36,855	0,226
32,677	40,579	0,240
31,151	45,321	0,189
30,774	50,545	0,154
31,307	55,469	0,165
33,161	59,869	0,183
36,066	63,876	0,240
39,963	67,046	0,246
44,567	68,919	0,237
49,641	69,584	0,281
54,926	69,120	0,292
59,830	67,649	0,251
63,958	65,082	0,211
67,153	61,484	0,194
69,270	57,090	0,201
70,213	51,926	0,188
69,994	46,415	0,163
68,735	41,473	0,144
66,162	37,270	0,141
62,500	33,605	0,176
57,803	30,867	0,175
52,435	29,460	0,116
47,067	29,446	0,161
41,964	30,582	0,152
37,132	32,777	0,200
33,211	36,031	0,255
30,552	40,255	0,224
29,056	45,579	0,161
28,815	51,405	0,146
29,561	56,757	0,144
31,739	61,587	0,207
35,142	65,990	0,190
39,605	69,208	0,217
44,777	71,055	0,209
50,427	71,583	0,235
56,264	70,923	0,274
61,539	69,167	0,203
65,936	66,169	0,185
69,346	61,977	0,204
71,520	57,020	0,212
72,279	51,293	0,185
71,889	45,244	0,171
70,240	39,985	0,165
67,242	35,384	0,169
63,052	31,352	0,169
57,760	28,584	0,178
51,874	27,339	0,157
45,994	27,560	0,138
40,382	28,954	0,171
35,142	31,558	0,195
31,081	35,324	0,243
28,364	40,076	0,186
26,936	45,995	0,147
26,862	52,398	0,136
27,862	58,144	0,171
30,410	63,466	0,171
34,297	68,138	0,169
39,390	71,365	0,174
45,138	73,141	0,165
51,384	73,541	0,196
57,737	72,714	0,234
63,336	70,648	0,214
68,026	67,142	0,140
71,603	62,355	0,170
73,752	56,815	0,193
74,301	50,488	0,166
73,750	43,979	0,160
71,700	38,394	0,142
68,224	33,345	0,170
63,469	29,028	0,157
57,623	26,342	0,158
51,118	25,263	0,163
44,837	25,705	0,129
38,648	27,394	0,154
33,109	30,427	0,182
28,951	34,746	0,199
26,215	40,043	0,166
24,856	46,586	0,165
24,923	53,512	0,181
26,274	59,658	0,133
29,150	65,482	0,169
33,608	70,306	0,188
39,321	73,485	0,153
45,626	75,184	0,165
52,487	75,482	0,199
59,297	74,457	0,182
65,246	72,093	0,162
70,203	68,065	0,184
73,873	62,604	0,217
75,922	56,470	0,203
76,314	49,521	0,156
75,538	42,598	0,147
73,063	36,680	0,197
69,085	31,147	0,148
63,810	26,692	0,178
57,311	24,120	0,157
50,225	23,250	0,152
43,499	23,906	0,133
36,797	25,888	0,180
31,004	29,391	0,159
26,782	34,300	0,163
24,051	40,169	0,196
22,760	47,316	0,175
22,989	54,741	0,165
24,746	61,319	0,162
28,031	67,588	0,160
33,034	72,461	0,139
39,373	75,588	0,167
46,279	77,245	0,163
53,703	77,421	0,193
60,971	76,182	0,185
67,253	73,450	0,142
72,479	68,854	0,150
76,120	62,724	0,205
78,081	55,975	0,180
78,301	48,421	0,182
77,301	41,120	0,154
74,300	34,822	0,173
69,788	28,812	0,115
63,972	24,380	0,117
56,863	21,955	0,162
49,180	21,263	0,151
42,020	22,105	0,160
34,830	24,426	0,119
28,878	28,441	0,138
24,546	33,991	0,168
21,824	40,433	0,140
20,689	48,214	0,147
21,109	56,090	0,157
23,260	63,131	0,174
27,009	69,730	0,183
32,571	74,597	0,127
39,573	77,699	0,165
47,079	79,333	0,180
55,065	79,348	0,167
62,710	77,822	0,157
69,367	74,704	0,176
74,775	69,550	0,162
78,377	62,690	0,201
80,175	55,340	0,183
80,225	47,183	0,135
78,972	39,580	0,153
75,536	32,781	0,170
70,414	26,437	0,124
63,983	22,108	0,131
56,257	19,806	0,169
48,066	19,285	0,147
40,370	20,380	0,169
32,827	23,046	0,132
26,686	27,607	0,114
22,280	33,800	0,161
19,621	40,829	0,167
18,638	49,266	0,173
19,305	57,531	0,180
21,878	65,101	0,154
26,106	71,917	0,171
32,268	76,707	0,118
39,880	79,879	0,135
48,027	81,454	0,199
56,588	81,205	0,139
64,546	79,379	0,167
71,589	75,841	0,143
77,104	70,111	0,156
80,629	62,526	0,178
82,275	54,550	0,142
82,135	45,810	0,143
80,613	37,951	0,153
76,693	30,576	0,155
70,898	24,057	0,161
63,866	19,847	0,109
55,520	17,637	0,206
46,841	17,313	0,157
38,577	18,705	0,137
30,727	21,777	0,161
24,494	26,879	0,148
19,970	33,761	0,172
17,424	41,401	0,188
16,640	50,474	0,177
17,556	59,094	0,144
20,511	67,206	0,148
25,329	74,065	0,128
32,130	78,848	0,169
40,349	82,133	0,151
49,111	83,573	0,155
58,249	83,040	0,140
66,518	80,835	0,174
73,880	76,829	0,154
79,421	70,529	0,168
82,841	62,208	0,172
84,338	53,607	0,140
84,021	44,336	0,152
82,100	36,194	0,166
77,754	28,225	0,157
71,290	21,699	0,117
63,563	17,577	0,165
54,627	15,435	0,171
45,488	15,370	0,161
36,630	17,116	0,147
28,559	20,642	0,168
22,248	26,294	0,143
17,675	33,843	0,159
15,231	42,093	0,173
14,672	51,800	0,132
15,877	60,789	0,165
19,235	69,383	0,127
24,663	76,199	0,147
32,135	81,082	0,146
40,988	84,435	0,127
50,341	85,678	0,167
59,991	84,813	0,156
68,613	82,199	0,181
76,267	77,666	0,150
81,745	70,785	0,159
85,079	61,756	0,176
86,428	52,531	0,163
85,911	42,771	0,117
83,515	34,272	0,142
78,692	25,800	0,136
71,549	19,355	0,147
63,105	15,221	0,166
53,578	13,211	0,158
44,019	13,506	0,160
34,573	15,648	0,121
26,376	19,644	0,138
19,947	25,859	0,144
15,354	34,063	0,154
13,066	42,939	0,175
12,752	53,250	0,135
14,269	62,632	0,127
18,028	71,596	0,110
24,106	78,351	0,165
32,309	83,429	0,179
41,725	86,777	0,172
51,733	87,709	0,146
61,808	86,507	0,129
70,821	83,466	0,178
78,637	78,390	0,138
84,031	70,891	0,139
87,363	61,162	0,213
88,455	51,283	0,141
87,743	41,150	0,163
84,830	32,185	0,129
79,504	23,362	0,130
71,676	16,954	0,148
62,529	12,781	0,175
52,362	11,032	0,135
42,418	11,707	0,172
32,444	14,289	0,134
24,115	18,788	0,140
17,583	25,563	0,163
13,097	34,409	0,158
10,908	43,957	0,138
10,832	54,791	0,114
12,750	64,636	0,159
16,884	73,785	0,109
23,690	80,563	0,160
32,597	85,873	0,171
42,653	89,055	0,133
53,270	89,671	0,137
63,723	88,153	0,131
73,199	84,627	0,158
81,006	78,987	0,142
86,361	70,843	0,135
89,630	60,430	0,209
90,511	49,894	0,126
89,497	39,457	0,148
85,994	29,920	0,143
80,154	20,908	0,142
71,696	14,473	0,153
61,803	10,333	0,140
51,000	8,963	0,142
40,708	9,964	0,159
30,237	12,998	0,143
21,747	18,039	0,148
15,205	25,410	0,159
10,837	34,917	0,168
8,759	45,117	0,147
8,937	56,395	0,133
11,288	66,768	0,138
15,878	75,988	0,105
23,362	82,915	0,146
33,017	88,343	0,180
43,756	91,267	0,168
54,868	91,570	0,129
65,784	89,742	0,133
75,626	85,747	0,118
83,374	79,433	0,154
88,735	70,637	0,167
91,921	59,565	0,172
92,510	48,374	0,154
91,167	37,699	0,159
87,072	27,483	0,156
80,618	18,432	0,148
71,512	11,883	0,138
60,968	7,956	0,160
49,516	6,985	0,104
38,776	8,285	0,165
28,005	11,745	0,121
19,334	17,437	0,179
12,822	25,405	0,154
8,590	35,546	0,123
6,682	46,458	0,152
7,091	58,108	0,134
9,842	69,013	0,123
14,978	78,187	0,110
23,220	85,375	0,155
33,602	90,789	0,140
44,981	93,392	0,140
56,667	93,400	0,141
67,946	91,311	0,152
78,111	86,793	0,152
85,783	79,782	0,115
91,151	70,246	0,141
94,196	58,540	0,147
94,502	46,729	0,176
92,770	35,812	0,140
88,060	24,961	0,124
80,995	15,901	0,142
71,171	9,221	0,129
60,001	5,700	0,153
47,968	5,057	0,147
36,715	6,648	0,159
25,773	10,570	0,104
16,891	16,950	0,133
10,389	25,563	0,146
6,357	36,312	0,142
4,612	47,931	0,131
5,294	59,945	0,135
8,466	71,324	0,141
14,250	80,446	0,124
23,195	87,939	0,130
34,349	93,164	0,140
46,329	95,424	0,115
58,573	95,221	0,133
70,222	92,849	0,115
80,597	87,761	0,135
88,249	79,994	0,097
93,632	69,701	0,147
96,415	57,395	0,150
96,407	44,949	0,160
94,207	33,752	0,182
88,920	22,390	0,121
81,192	13,225	0,149
70,674	6,653	0,115
58,878	3,531	0,136
46,322	3,158	0,102
34,517	5,035	0,130
23,438	9,467	0,169
14,410	16,576	0,163
7,971	25,894	0,137
4,096	37,217	0,148
2,579	49,565	0,121
3,569	61,933	0,109
7,162	73,644	0,100
13,648	82,802	0,126
23,365	90,536	0,122
35,222	95,435	0,145
47,823	97,004	0,138
60,550	96,964	0,115
72,688	94,451	0,121
83,108	88,750	0,151
90,822	80,132	0,128
96,026	69,051	0,188
98,575	56,117	0,122
98,400	43,111	0,140
95,575	31,455	0,143
89,623	19,816	0,138
81,227	10,449	0,158
70,103	4,175	0,144
57,634	1,442	0,113
44,466	1,280	0,143
32,199	3,464	0,138
21,114	8,437	0,161
11,958	16,316	0,139
5,530	26,385	0,165
1,800	38,282	0,137
0,590	51,287	0,141
1,932	64,086	0,136
5,983	75,967	0,129
13,188	85,312	0,131
23,661	93,058	0,107
36,189	97,406	0,138
49,440	97,230	0,134
62,810	97,052	0,158
75,207	96,791	0,109
85,691	91,321	0,092
93,271	80,831	0,150
98,556	68,408	0,158
100,586	54,787	0,148
100,135	41,307	0,139
76,264	41,074	0,143
47,849	47,174	0,234
42,646	49,305	0,956
43,700	49,651	1,376
48,037	49,047	0,190
46,880	49,398	1,066
47,594	49,222	0,971
46,481	49,246	1,545
46,630	49,353	1,128
48,811	49,103	0,254
46,343	49,437	1,052
47,232	49,210	1,287
47,179	49,209	1,616
46,818	49,400	1,562
48,064	49,192	0,438
46,365	49,337	1,228
47,428	49,204	1,511
47,186	49,269	1,626
46,672	49,372	1,497
48,044	49,172	0,672
46,584	49,333	1,521
47,203	49,244	1,590
47,246	49,229	1,676
46,969	49,306	1,569
47,785	49,239	1,211
46,365	49,350	1,364
47,351	49,215	1,633
47,562	49,237	1,663
46,845	49,312	1,643
47,428	49,231	1,244
46,693	49,305	1,606
47,546	49,271	1,668
47,322	49,262	1,682
46,637	49,279	1,529
47,532	49,247	1,579
