#Scan axis position	Step axis position	Signal
51,663	48,496	1,692
51,628	48,554	1,694
50,684	49,275	1,675
49,797	49,999	1,644
49,808	50,176	1,634
49,999	50,072	1,651
50,051	50,002	1,650
50,101	50,006	1,649
50,147	49,952	1,651
50,128	49,832	1,658
50,180	49,794	1,665
50,137	49,656	1,657
50,076	49,580	1,662
49,902	49,473	1,662
49,756	49,395	1,657
49,574	49,410	1,648
49,316	49,443	1,639
49,156	49,589	1,637
49,058	49,812	1,624
48,953	50,057	1,614
48,895	50,346	1,612
49,012	50,654	1,602
49,134	50,977	1,592
49,390	51,255	1,583
49,717	51,394	1,596
50,057	51,523	1,599
50,438	51,590	1,602
50,851	51,482	1,617
51,219	51,277	1,635
51,592	50,962	1,643
51,842	50,568	1,651
51,992	50,064	1,667
52,039	49,560	1,679
51,934	49,014	1,684
51,689	48,481	1,691
51,262	48,060	1,698
50,859	47,746	1,697
50,206	47,520	1,689
49,536	47,419	1,672
48,863	47,528	1,644
48,168	47,805	1,614
47,643	48,263	1,588
47,277	48,843	1,566
47,027	49,544	1,546
46,965	50,331	1,522
47,043	51,148	1,491
47,360	51,868	1,477
47,889	52,649	1,463
48,516	53,187	1,448
49,364	53,526	1,456
50,291	53,619	1,493
51,156	53,497	1,520
52,019	53,176	1,538
52,888	52,663	1,570
53,412	51,873	1,609
53,908	51,002	1,634
54,102	50,020	1,652
53,971	48,936	1,670
53,647	47,899	1,679
53,092	46,997	1,685
52,347	46,208	1,691
51,298	45,681	1,687
50,192	45,456	1,662
48,987	45,412	1,620
47,768	45,735	1,567
46,749	46,300	1,530
45,900	47,139	1,512
45,238	48,238	1,488
44,976	49,457	1,450
44,918	50,768	1,403
45,241	52,095	1,336
45,839	53,293	1,263
46,765	54,395	1,238
47,863	55,181	1,244
49,250	55,679	1,265
50,698	55,684	1,311
52,048	55,389	1,382
53,368	54,774	1,432
54,556	53,914	1,469
55,408	52,687	1,522
55,932	51,230	1,583
56,169	49,730	1,618
55,912	48,116	1,639
55,310	46,634	1,644
54,451	45,305	1,638
53,146	44,249	1,635
51,679	43,612	1,622
49,966	43,340	1,567
48,226	43,485	1,489
46,598	43,988	1,469
45,180	44,890	1,450
44,017	46,149	1,384
43,224	47,758	1,297
42,805	49,559	1,205
42,980	51,420	1,133
43,465	53,244	1,055
44,352	54,860	0,968
45,681	56,200	0,915
47,382	57,169	0,944
49,178	57,682	1,015
51,236	57,707	1,085
53,097	57,218	1,171
54,885	56,382	1,259
56,326	55,105	1,320
57,398	53,373	1,376
58,071	51,371	1,450
58,169	49,240	1,517
57,787	47,155	1,550
56,922	45,237	1,563
55,613	43,590	1,566
53,849	42,308	1,549
51,817	41,549	1,508
49,585	41,296	1,429
47,326	41,569	1,346
45,288	42,325	1,340
43,468	43,543	1,247
42,052	45,311	1,055
41,164	47,441	0,879
40,821	49,786	0,709
41,001	52,195	0,644
41,763	54,518	0,653
42,973	56,539	0,632
44,767	58,110	0,608
47,006	59,286	0,624
49,421	59,741	0,700
51,878	59,638	0,820
54,236	59,040	0,937
56,519	57,833	1,028
58,216	56,085	1,099
59,486	53,878	1,171
60,189	51,298	1,265
60,153	48,591	1,346
59,572	46,022	1,392
58,435	43,698	1,420
56,728	41,708	1,449
54,425	40,277	1,442
51,786	39,465	1,388
48,958	39,238	1,268
46,263	39,629	1,171
43,775	40,663	1,096
41,636	42,308	0,852
40,064	44,609	0,728
39,040	47,315	0,641
38,735	50,222	0,490
39,125	53,165	0,435
40,118	55,944	0,441
41,777	58,294	0,458
44,004	60,129	0,444
46,792	61,317	0,430
49,821	61,872	0,434
52,749	61,620	0,545
55,607	60,698	0,678
58,175	59,230	0,769
60,148	56,954	0,815
61,562	54,200	0,887
62,220	51,048	1,007
62,116	47,879	1,126
61,377	44,837	1,202
59,912	42,091	1,253
57,683	39,820	1,303
54,859	38,193	1,300
51,675	37,363	1,226
48,338	37,132	1,057
45,091	37,817	0,921
42,247	39,138	0,675
39,768	41,232	0,577
38,004	44,053	0,583
36,833	47,271	0,473
36,698	50,831	0,414
37,259	54,261	0,333
38,589	57,445	0,349
40,586	60,111	0,423
43,419	62,136	0,410
46,739	63,462	0,362
50,277	63,910	0,324
53,776	63,515	0,371
57,071	62,395	0,461
59,934	60,436	0,527
62,206	57,740	0,543
63,672	54,367	0,609
64,289	50,723	0,729
64,067	47,013	0,883
63,047	43,456	0,990
61,284	40,382	1,055
58,538	37,888	1,103
55,154	36,132	1,064
51,376	35,187	0,916
47,529	35,190	0,810
43,828	35,969	0,580
40,556	37,685	0,522
37,808	40,232	0,525
35,847	43,565	0,475
34,759	47,481	0,506
34,658	51,495	0,444
35,448	55,411	0,285
37,088	59,019	0,346
39,563	62,049	0,422
42,892	64,296	0,419
46,783	65,577	0,339
50,878	65,924	0,312
54,857	65,396	0,342
58,648	63,960	0,353
61,821	61,601	0,389
64,248	58,341	0,382
65,797	54,419	0,476
66,411	50,189	0,522
65,902	45,955	0,669
64,718	42,056	0,783
62,487	38,604	0,843
59,228	35,813	0,875
55,282	33,962	0,768
50,975	33,059	0,608
46,589	33,254	0,504
42,443	34,298	0,507
38,706	36,325	0,531
35,824	39,371	0,480
33,677	43,356	0,419
32,656	47,801	0,467
32,740	52,340	0,360
33,709	56,790	0,265
35,671	60,789	0,356
38,674	64,102	0,405
42,567	66,378	0,421
47,024	67,711	0,329
51,603	67,929	0,308
56,074	67,253	0,342
60,289	65,505	0,337
63,767	62,645	0,345
66,323	58,826	0,361
67,945	54,365	0,446
68,438	49,448	0,434
67,849	44,811	0,512
66,269	40,467	0,591
63,585	36,631	0,635
59,824	33,724	0,669
55,301	31,823	0,587
50,397	30,963	0,475
45,400	31,260	0,494
40,916	32,626	0,463
36,827	35,069	0,442
33,719	38,696	0,349
31,585	43,231	0,370
30,554	48,246	0,403
30,760	53,307	0,356
32,011	58,266	0,273
34,406	62,576	0,362
37,909	66,114	0,402
42,378	68,521	0,402
47,390	69,912	0,332
52,476	69,965	0,314
57,519	69,022	0,343
62,035	66,881	0,318
65,766	63,590	0,371
68,493	59,207	0,377
70,035	54,095	0,422
70,358	48,685	0,380
69,661	43,557	0,449
67,762	38,785	0,448
64,568	34,720	0,487
60,282	31,619	0,503
55,145	29,611	0,476
49,677	28,882	0,440
44,258	29,417	0,379
39,287	31,031	0,342
34,910	33,933	0,337
31,597	38,107	0,309
29,399	43,270	0,343
28,450	48,849	0,432
28,886	54,491	0,355
30,440	59,800	0,327
33,212	64,529	0,347
37,214	68,222	0,423
42,328	70,764	0,418
47,866	71,984	0,360
53,507	71,972	0,365
58,939	70,732	0,369
63,844	68,221	0,340
67,828	64,318	0,385
70,646	59,391	0,352
72,185	53,644	0,371
72,357	47,806	0,344
71,441	42,163	0,431
69,167	36,970	0,367
65,512	32,635	0,407
60,546	29,369	0,428
54,838	27,415	0,427
48,847	26,837	0,310
43,003	27,543	0,314
37,499	29,480	0,349
32,895	32,892	0,288
29,415	37,607	0,333
27,182	43,384	0,333
26,437	49,615	0,397
26,964	55,744	0,368
28,879	61,503	0,358
32,159	66,525	0,354
36,726	70,393	0,437
42,403	72,948	0,433
48,512	74,069	0,351
54,631	73,846	0,395
60,573	72,330	0,338
65,853	69,431	0,347
69,926	64,988	0,374
72,863	59,390	0,338
74,363	53,142	0,314
74,373	46,791	0,333
73,083	40,675	0,405
70,470	35,164	0,334
66,245	30,555	0,359
60,718	27,136	0,391
54,368	25,223	0,375
47,857	24,840	0,247
41,542	25,769	0,302
35,704	28,082	0,256
30,798	31,940	0,332
27,162	37,326	0,283
25,055	43,724	0,309
24,357	50,495	0,359
25,152	57,109	0,380
27,380	63,355	0,396
31,151	68,576	0,383
36,349	72,593	0,451
42,603	75,177	0,428
49,285	76,210	0,357
55,941	75,754	0,397
62,329	73,929	0,315
67,799	70,551	0,326
72,119	65,521	0,345
75,096	59,336	0,324
76,471	52,501	0,266
76,333	45,609	0,354
74,779	39,064	0,356
71,661	33,227	0,328
66,896	28,358	0,319
60,709	24,932	0,366
53,741	23,078	0,333
46,696	22,833	0,223
40,001	24,062	0,236
33,703	26,726	0,273
28,648	31,168	0,274
25,008	37,179	0,250
22,835	44,212	0,273
22,387	51,529	0,368
23,450	58,623	0,393
26,016	65,213	0,381
30,272	70,745	0,413
36,147	74,871	0,454
42,979	77,361	0,424
50,225	78,273	0,350
57,322	77,624	0,373
64,090	75,430	0,289
69,857	71,499	0,288
74,304	65,884	0,343
77,265	59,042	0,322
78,566	51,619	0,243
78,247	44,303	0,385
76,380	37,360	0,316
72,792	31,205	0,336
67,377	26,104	0,294
60,604	22,693	0,322
53,084	20,966	0,276
45,433	20,846	0,227
38,251	22,343	0,218
31,688	25,448	0,282
26,417	30,521	0,190
22,691	37,165	0,316
20,681	44,799	0,276
20,392	52,630	0,346
21,711	60,247	0,366
24,755	67,213	0,348
29,556	72,909	0,417
36,082	77,126	0,471
43,528	79,662	0,387
51,253	80,312	0,319
58,898	79,421	0,331
66,032	76,866	0,257
71,983	72,431	0,247
76,560	66,156	0,345
79,493	58,669	0,313
80,659	50,708	0,278
80,101	42,912	0,395
77,945	35,559	0,278
73,749	29,047	0,334
67,792	23,833	0,268
60,332	20,406	0,295
52,183	18,824	0,199
44,037	18,959	0,216
36,475	20,680	0,161
29,492	24,272	0,199
24,158	29,956	0,202
20,476	37,334	0,252
18,517	45,579	0,263
18,455	53,871	0,341
20,054	61,918	0,357
23,540	69,257	0,305
28,990	75,167	0,375
36,111	79,395	0,453
44,073	81,800	0,358
52,429	82,324	0,289
60,478	81,168	0,237
67,959	78,175	0,243
74,175	73,117	0,213
78,894	66,242	0,347
81,710	58,166	0,305
82,679	49,620	0,345
81,839	41,380	0,391
79,376	33,693	0,325
74,699	26,887	0,301
67,911	21,450	0,240
59,902	18,182	0,262
51,237	16,720	0,206
42,604	17,067	0,164
34,550	19,202	0,135
27,407	23,282	0,218
21,834	29,602	0,244
18,148	37,580	0,238
16,344	46,439	0,275
16,539	55,292	0,356
18,490	63,779	0,312
22,450	71,352	0,247
28,609	77,474	0,329
36,279	81,737	0,411
44,901	84,039	0,326
53,699	84,333	0,273
62,239	82,854	0,209
69,999	79,391	0,235
76,470	73,757	0,256
81,109	66,135	0,336
83,948	57,524	0,254
84,757	48,435	0,360
83,647	39,721	0,348
80,675	31,627	0,341
75,432	24,578	0,262
68,075	19,195	0,216
59,329	15,883	0,200
50,070	14,610	0,217
41,034	15,273	0,176
32,558	17,705	0,170
25,203	22,392	0,230
19,529	29,321	0,214
15,856	38,045	0,224
14,236	47,452	0,249
14,697	56,826	0,349
17,024	65,769	0,289
21,527	73,579	0,236
28,225	79,819	0,318
36,665	84,064	0,382
45,773	86,200	0,268
55,098	86,294	0,250
64,107	84,445	0,204
72,157	80,489	0,227
78,764	74,228	0,235
83,460	65,954	0,308
86,185	56,684	0,202
86,692	47,147	0,394
85,397	38,028	0,303
81,923	29,571	0,306
76,045	22,204	0,226
67,969	16,815	0,224
58,600	13,657	0,204
48,845	12,514	0,212
39,334	13,429	0,134
30,453	16,329	0,165
22,820	21,563	0,172
17,153	29,210	0,256
13,612	38,668	0,220
12,163	48,676	0,251
12,908	58,506	0,318
15,603	67,797	0,295
20,611	75,885	0,211
28,129	82,212	0,304
37,088	86,403	0,323
46,825	88,343	0,261
56,602	88,166	0,233
65,978	85,946	0,192
74,398	81,518	0,217
81,130	74,565	0,209
85,838	65,634	0,273
88,356	55,710	0,218
88,719	45,706	0,404
87,015	36,165	0,253
83,063	27,348	0,270
76,497	19,850	0,213
67,751	14,473	0,219
57,755	11,379	0,167
47,492	10,567	0,188
37,519	11,740	0,168
28,212	14,956	0,160
20,431	20,875	0,179
14,738	29,351	0,256
11,286	39,372	0,216
10,110	49,901	0,252
11,083	60,267	0,304
14,256	69,916	0,290
19,970	78,299	0,213
28,086	84,634	0,243
37,680	88,736	0,298
48,043	90,534	0,221
58,273	90,060	0,209
68,124	87,478	0,202
76,702	82,376	0,217
83,474	74,756	0,187
88,162	65,128	0,261
90,573	54,667	0,247
90,586	44,136	0,385
88,580	34,222	0,214
84,137	25,023	0,223
76,838	17,380	0,193
67,351	12,105	0,194
56,778	9,173	0,199
45,846	8,511	0,153
35,606	10,011	0,172
25,911	13,739	0,166
18,006	20,291	0,169
12,309	29,555	0,235
8,988	40,239	0,221
8,086	51,342	0,244
9,411	62,119	0,261
13,058	72,162	0,293
19,420	80,695	0,227
28,206	87,099	0,195
38,445	91,040	0,282
49,354	92,553	0,194
60,070	91,811	0,212
70,218	88,844	0,162
79,004	83,141	0,226
85,914	74,780	0,175
90,593	64,506	0,244
92,731	53,464	0,270
92,511	42,438	0,336
90,101	32,209	0,208
84,982	22,687	0,204
77,057	14,902	0,185
66,896	9,693	0,184
55,637	6,939	0,164
44,208	6,564	0,124
33,529	8,391	0,166
23,553	12,676	0,131
15,538	20,019	0,171
9,911	29,865	0,224
6,714	41,256	0,212
6,120	52,926	0,199
7,730	64,120	0,245
11,881	74,469	0,306
18,970	83,142	0,245
28,457	89,503	0,227
39,374	93,418	0,266
50,834	94,675	0,208
61,949	93,607	0,188
72,427	90,114	0,152
81,424	83,807	0,178
88,365	74,638	0,176
92,918	63,692	0,209
94,880	52,148	0,323
94,373	40,734	0,297
91,514	30,089	0,256
85,774	20,278	0,172
77,066	12,404	0,153
66,198	7,317	0,137
54,392	4,751	0,138
42,484	4,579	0,144
31,392	6,773	0,157
21,097	11,714	0,189
13,038	19,774	0,191
7,448	30,347	0,196
4,455	42,400	0,236
4,156	54,593	0,240
6,164	66,192	0,255
10,840	76,872	0,325
18,703	85,728	0,229
28,864	92,035	0,194
40,392	95,711	0,259
52,399	96,713	0,204
63,997	95,249	0,209
74,744	91,340	0,176
83,896	84,237	0,195
90,878	74,387	0,177
95,256	62,823	0,176
96,967	50,681	0,318
96,141	38,850	0,259
92,828	27,786	0,232
86,447	17,780	0,187
76,958	9,949	0,176
65,391	4,940	0,157
52,973	2,570	0,126
40,663	2,748	0,134
29,123	5,313	0,155
18,658	10,825	0,135
10,511	19,639	0,172
5,064	31,065	0,186
2,240	43,701	0,216
2,246	56,394	0,233
4,634	68,432	0,249
10,038	79,361	0,330
18,599	88,316	0,236
29,450	94,493	0,214
41,592	97,988	0,241
54,061	98,662	0,189
66,080	96,938	0,190
77,113	92,364	0,187
86,401	84,565	0,145
93,358	73,926	0,156
97,571	61,775	0,183
99,029	49,097	0,284
97,889	36,913	0,262
94,069	25,381	0,209
86,921	15,196	0,179
76,688	7,429	0,171
64,444	2,527	0,178
51,417	0,404	0,142
38,700	0,907	0,121
26,733	3,909	0,143
16,077	10,129	0,166
7,972	19,685	0,183
2,572	31,845	0,205
0,062	45,155	0,229
0,346	58,249	0,251
3,236	70,721	0,242
9,277	81,908	0,329
18,577	90,838	0,243
30,158	96,992	0,212
42,836	100,223	0,219
55,762	100,619	0,146
68,257	98,530	0,173
79,547	93,357	0,171
88,970	84,742	0,175
95,864	73,388	0,178
99,869	60,578	0,208
100,988	47,352	0,273
99,543	35,571	0,286
64,420	38,765	0,733
36,042	48,343	0,403
47,866	50,374	1,634
52,973	48,651	1,615
51,705	47,374	1,485
51,558	47,515	1,613
50,230	47,919	1,428
51,541	47,994	1,598
50,646	47,677	1,676
51,053	47,725	1,697
51,209	47,799	1,643
50,574	47,830	1,546
51,460	47,760	1,635
50,557	47,907	1,526
51,351	47,905	1,666
50,835	47,756	1,687
50,920	47,715	1,627
51,189	47,813	1,674
50,711	47,894	1,645
51,289	47,785	1,677
50,768	47,721	1,671
51,051	47,823	1,673
50,989	47,831	1,682
50,848	47,722	1,589
51,223	47,806	1,694
50,759	47,876	1,633
51,158	47,791	1,690
50,880	47,735	1,679
50,974	47,809	1,700
51,065	47,852	1,681
50,836	47,826	1,659
51,116	47,770	1,700
50,849	47,823	1,643
51,020	47,834	1,663
51,015	47,737	1,700
50,898	47,753	1,688
51,108	47,896	1,688
50,893	47,864	1,692
51,051	47,835	1,694
50,971	47,755	1,692
50,972	47,876	1,670
51,085	47,832	1,689
50,898	47,761	1,658
