0.003
500.024
0.002
500.026
0.000
500.027
-0.001
500.026
0.000
500.027
-0.001
500.027
-0.001
500.027
-0.001
500.028
-0.002
500.027
-0.002
500.027
-0.002
500.028
-0.003
500.028
-0.003
500.026
-0.002
500.028
-0.004
500.028
-0.004
500.026
-0.003
500.028
-0.003
500.028
-0.004
500.027
-0.004
500.028
-0.003
500.029
-0.005
500.028
-0.005
500.028
-0.003
500.030
-0.006
500.028
-0.005
500.027
-0.004
500.029
-0.006
500.028
-0.006
500.027
-0.005
500.028
-0.005
500.029
-0.007
500.027
-0.006
500.028
-0.005
500.029
-0.007
500.028
-0.007
500.028
-0.006
500.029
-0.006
500.029
-0.007
500.028
-0.006
500.028
-0.006
500.030
-0.007
500.028
-0.008
500.028
-0.007
500.028
-0.007
500.029
-0.009
500.028
-0.008
500.028
-0.007
500.029
-0.008
500.028
-0.009
500.027
-0.008
500.029
-0.008
500.030
-0.010
500.027
-0.009
500.028
-0.008
500.029
-0.010
500.027
-0.010
500.028
-0.009
500.029
-0.009
500.029
-0.011
500.028
-0.009
500.029
-0.010
500.028
-0.011
500.027
-0.010
500.028
-0.010
500.028
-0.011
500.028
-0.011
500.028
-0.010
500.029
-0.011
500.028
-0.011
500.028
-0.011
500.028
-0.012
500.028
-0.012
500.028
-0.012
500.028
-0.012
500.028
-0.012
500.028
-0.012
500.029
-0.012
500.028
-0.012
500.028
-0.012
500.028
-0.012
500.028
-0.013
500.028
-0.013
500.028
-0.012
500.028
-0.013
500.027
-0.012
500.028
-0.013
500.028
-0.014
500.027
-0.013
500.028
-0.013
500.028
-0.014
500.028
-0.014
500.027
-0.013
500.029
-0.014
500.028
-0.015
500.027
-0.013
500.028
-0.013
500.028
-0.015
500.027
-0.013
500.028
-0.014
500.028
-0.015
500.027
-0.015
500.027
-0.014
500.028
-0.015
500.028
-0.015
500.027
-0.014
500.028
-0.015
500.027
-0.015
500.027
-0.015
500.028
-0.015
500.027
-0.016
500.028
-0.015
500.027
-0.015
500.028
-0.016
500.027
-0.015
500.028
-0.016
500.027
-0.016
500.026
-0.016
500.027
-0.016
500.027
-0.017
500.027
-0.016
500.026
-0.017
500.027
-0.016
500.027
-0.017
500.027
-0.017
500.027
-0.017
500.027
-0.017
500.026
-0.017
500.026
-0.017
500.027
-0.017
500.026
-0.018
500.026
-0.017
500.026
-0.018
500.028
-0.018
500.026
-0.017
500.027
-0.018
500.026
-0.018
500.025
-0.018
500.026
-0.017
500.027
-0.019
500.025
-0.019
500.025
-0.018
500.027
-0.019
500.026
0.234
500.025
-0.018
500.026
-0.018
500.027
-0.020
500.025
-0.019
500.025
-0.018
500.026
-0.019
500.025
-0.020
500.025
-0.019
500.025
-0.020
500.026
-0.020
500.026
-0.020
500.026
0.233
500.025
-0.019
500.025
-0.020
500.026
-0.020
500.024
-0.020
500.025
-0.019
500.026
-0.021
500.025
-0.021
500.024
0.234
500.026
-0.020
500.025
0.232
500.024
0.233
500.025
-0.019
500.026
0.232
500.023
-0.020
500.024
-0.020
500.026
-0.021
500.024
0.232
500.024
-0.020
500.024
0.232
500.025
0.232
500.024
0.232
500.024
0.232
500.024
-0.021
500.024
-0.021
500.024
-0.021
500.024
0.231
500.024
0.233
500.024
-0.022
500.024
-0.022
500.023
0.232
500.023
0.232
500.024
0.231
500.023
0.231
500.023
0.233
500.024
0.231
500.023
0.231
500.022
0.232
500.024
0.232
500.023
-0.023
500.022
0.231
500.023
-0.022
500.024
-0.024
500.022
-0.022
500.023
0.232
500.024
0.231
500.023
0.230
500.022
0.232
500.023
0.231
500.023
-0.023
500.022
0.230
500.022
-0.022
500.024
0.230
500.023
-0.024
500.021
0.231
500.023
-0.023
500.022
0.229
500.022
0.230
500.022
0.231
500.023
0.230
500.022
-0.023
500.022
-0.023
500.022
0.230
500.022
-0.023
500.022
0.230
500.021
-0.023
500.022
-0.024
500.022
-0.023
500.022
0.229
500.021
-0.024
500.022
-0.024
500.021
-0.023
500.022
0.228
500.021
-0.023
500.021
-0.025
500.021
0.228
500.021
0.230
500.022
-0.024
500.022
-0.025
500.021
0.229
500.021
-0.024
500.022
-0.026
500.020
-0.025
500.020
-0.024
500.021
-0.025
500.020
-0.026
500.020
-0.024
500.021
-0.025
500.021
0.227
500.019
-0.025
500.021
0.228
500.021
0.227
500.020
0.228
500.020
0.229
500.021
-0.026
500.020
-0.026
500.019
0.228
500.021
-0.025
500.020
0.227
500.019
-0.025
500.020
0.228
500.020
-0.026
500.019
0.227
500.019
-0.026
500.020
-0.026
500.020
0.227
500.020
-0.026
500.020
-0.027
500.019
-0.026
500.019
-0.026
500.020
0.227
500.019
0.227
500.019
0.228
500.020
-0.027
500.020
-0.027
500.018
-0.026
500.020
0.227
500.020
-0.027
500.018
-0.027
500.018
-0.026
500.020
-0.028
500.018
-0.027
500.018
-0.026
500.019
-0.027
500.019
0.224
500.017
-0.027
500.018
-0.027
500.019
0.225
500.018
-0.028
500.018
0.226
500.019
-0.027
500.019
0.225
500.017
-0.026
500.018
0.226
500.018
0.226
500.018
-0.027
500.018
0.226
500.018
-0.028
500.018
0.225
500.017
-0.027
500.018
-0.028
500.017
-0.028
500.017
-0.028
500.017
-0.028
500.018
-0.028
500.017
0.225
500.017
0.225
500.017
0.226
500.017
0.225
500.017
0.227
500.017
0.225
500.017
0.226
500.017
0.226
500.018
-0.028
500.016
0.225
500.017
0.226
500.017
0.225
500.017
-0.028
500.016
-0.028
500.017
0.225
500.017
0.224
500.016
-0.028
500.017
-0.028
500.017
-0.029
500.016
-0.028
500.016
0.225
500.017
0.224
500.015
-0.029
500.016
0.226
500.017
0.224
500.017
0.223
500.015
-0.028
500.017
-0.029
500.016
-0.030
500.015
-0.029
500.016
-0.029
500.016
0.223
500.015
0.225
500.015
-0.029
500.016
-0.030
500.015
-0.030
500.016
0.224
500.016
0.224
500.016
0.224
500.015
0.225
500.016
0.224
500.015
-0.029
500.015
0.224
500.015
0.225
500.015
0.224
500.015
0.224
500.015
-0.029
500.015
-0.030
500.015
0.224
500.016
-0.030
500.015
0.222
500.014
0.223
500.015
-0.029
500.016
0.222
500.014
-0.030
500.015
-0.029
500.015
0.223
500.015
0.223
500.014
-0.029
500.015
-0.030
500.015
0.222
500.013
0.223
500.015
0.224
500.015
0.223
500.014
0.222
500.013
0.225
500.015
0.223
500.013
0.223
500.013
0.224
500.014
0.223
500.013
0.223
500.014
0.224
500.014
0.223
500.014
0.224
500.014
0.224
500.015
0.223
500.013
0.224
500.014
0.224
500.014
0.223
500.013
0.223
500.013
0.225
500.014
0.224
500.013
0.223
500.013
0.224
500.013
0.224
500.013
0.222
500.012
0.224
500.013
0.224
500.014
0.223
500.013
-0.031
500.013
0.223
500.013
0.223
500.014
0.224
500.013
0.223
500.013
0.223
500.012
0.224
500.013
0.223
500.013
0.223
500.013
0.223
500.012
0.223
500.013
0.223
500.013
0.223
500.012
0.224
500.013
0.222
500.012
0.223
500.013
0.223
500.013
0.223
500.013
0.221
500.011
0.224
500.013
0.224
500.013
0.222
500.012
0.222
500.012
0.223
500.013
0.222
500.012
0.222
500.012
0.223
500.012
0.222
500.011
0.223
500.012
0.222
500.012
0.223
500.013
-0.031
500.012
0.223
500.012
0.221
500.011
0.224
500.012
0.223
500.014
0.221
500.011
0.222
500.012
0.224
500.012
0.222
500.012
0.221
500.010
0.223
500.012
0.222
500.012
0.221
500.011
0.222
500.011
0.223
500.013
-0.033
500.010
-0.032
500.011
0.223
500.012
-0.032
500.011
0.220
500.011
0.223
500.012
0.222
500.011
0.221
500.010
0.222
500.012
0.222
500.011
0.222
500.011
0.222
500.010
0.222
500.011
0.221
500.011
-0.031
500.011
0.222
500.011
0.221
500.011
-0.033
500.011
0.220
500.010
0.220
500.010
0.222
500.011
0.221
500.011
0.220
500.010
0.222
500.011
0.222
500.011
0.221
500.010
0.221
500.010
-0.031
500.011
0.221
500.010
0.221
500.009
0.222
500.011
0.221
500.010
0.221
500.010
0.223
500.011
-0.032
500.011
0.220
500.010
0.221
500.010
0.221
500.011
0.221
500.011
0.221
500.010
-0.032
500.010
-0.033
500.010
-0.033
500.010
0.221
500.010
-0.033
500.010
-0.033
500.010
-0.033
500.010
-0.034
500.010
-0.034
500.010
-0.033
500.011
-0.034
500.009
-0.034
500.010
-0.033
500.011
-0.034
500.010
-0.035
500.008
-0.033
500.011
0.220
500.010
-0.034
500.009
0.220
500.010
0.221
500.010
-0.034
500.009
0.220
500.010
-0.033
500.011
-0.034
500.009
-0.034
500.010
