amplitude = 0
position = 795.0
width = 100.0
hposition = 807.0
hwidth = 45.0
hdepth = 0.0
phase = 2
delay = 4300.374246903985
order2 = 21000.0
order3 = 0.0
order4 = 0.0
centralwl = 795.0
auto = 1
addwaveform = 0
frommemory = 0
combamp = 1.0
combphase = 0.0
power = 1
cg = 0
lmemory = 0
cep = 0.0
lambda_nm = [700.         700.2002002  700.4004004  700.6006006  700.8008008
 701.001001   701.2012012  701.4014014  701.6016016  701.8018018
 702.002002   702.2022022  702.4024024  702.6026026  702.8028028
 703.003003   703.2032032  703.4034034  703.6036036  703.8038038
 704.004004   704.2042042  704.4044044  704.6046046  704.8048048
 705.00500501 705.20520521 705.40540541 705.60560561 705.80580581
 706.00600601 706.20620621 706.40640641 706.60660661 706.80680681
 707.00700701 707.20720721 707.40740741 707.60760761 707.80780781
 708.00800801 708.20820821 708.40840841 708.60860861 708.80880881
 709.00900901 709.20920921 709.40940941 709.60960961 709.80980981
 710.01001001 710.21021021 710.41041041 710.61061061 710.81081081
 711.01101101 711.21121121 711.41141141 711.61161161 711.81181181
 712.01201201 712.21221221 712.41241241 712.61261261 712.81281281
 713.01301301 713.21321321 713.41341341 713.61361361 713.81381381
 714.01401401 714.21421421 714.41441441 714.61461461 714.81481481
 715.01501502 715.21521522 715.41541542 715.61561562 715.81581582
 716.01601602 716.21621622 716.41641642 716.61661662 716.81681682
 717.01701702 717.21721722 717.41741742 717.61761762 717.81781782
 718.01801802 718.21821822 718.41841842 718.61861862 718.81881882
 719.01901902 719.21921922 719.41941942 719.61961962 719.81981982
 720.02002002 720.22022022 720.42042042 720.62062062 720.82082082
 721.02102102 721.22122122 721.42142142 721.62162162 721.82182182
 722.02202202 722.22222222 722.42242242 722.62262262 722.82282282
 723.02302302 723.22322322 723.42342342 723.62362362 723.82382382
 724.02402402 724.22422422 724.42442442 724.62462462 724.82482482
 725.02502503 725.22522523 725.42542543 725.62562563 725.82582583
 726.02602603 726.22622623 726.42642643 726.62662663 726.82682683
 727.02702703 727.22722723 727.42742743 727.62762763 727.82782783
 728.02802803 728.22822823 728.42842843 728.62862863 728.82882883
 729.02902903 729.22922923 729.42942943 729.62962963 729.82982983
 730.03003003 730.23023023 730.43043043 730.63063063 730.83083083
 731.03103103 731.23123123 731.43143143 731.63163163 731.83183183
 732.03203203 732.23223223 732.43243243 732.63263263 732.83283283
 733.03303303 733.23323323 733.43343343 733.63363363 733.83383383
 734.03403403 734.23423423 734.43443443 734.63463463 734.83483483
 735.03503504 735.23523524 735.43543544 735.63563564 735.83583584
 736.03603604 736.23623624 736.43643644 736.63663664 736.83683684
 737.03703704 737.23723724 737.43743744 737.63763764 737.83783784
 738.03803804 738.23823824 738.43843844 738.63863864 738.83883884
 739.03903904 739.23923924 739.43943944 739.63963964 739.83983984
 740.04004004 740.24024024 740.44044044 740.64064064 740.84084084
 741.04104104 741.24124124 741.44144144 741.64164164 741.84184184
 742.04204204 742.24224224 742.44244244 742.64264264 742.84284284
 743.04304304 743.24324324 743.44344344 743.64364364 743.84384384
 744.04404404 744.24424424 744.44444444 744.64464464 744.84484484
 745.04504505 745.24524525 745.44544545 745.64564565 745.84584585
 746.04604605 746.24624625 746.44644645 746.64664665 746.84684685
 747.04704705 747.24724725 747.44744745 747.64764765 747.84784785
 748.04804805 748.24824825 748.44844845 748.64864865 748.84884885
 749.04904905 749.24924925 749.44944945 749.64964965 749.84984985
 750.05005005 750.25025025 750.45045045 750.65065065 750.85085085
 751.05105105 751.25125125 751.45145145 751.65165165 751.85185185
 752.05205205 752.25225225 752.45245245 752.65265265 752.85285285
 753.05305305 753.25325325 753.45345345 753.65365365 753.85385385
 754.05405405 754.25425425 754.45445445 754.65465465 754.85485485
 755.05505506 755.25525526 755.45545546 755.65565566 755.85585586
 756.05605606 756.25625626 756.45645646 756.65665666 756.85685686
 757.05705706 757.25725726 757.45745746 757.65765766 757.85785786
 758.05805806 758.25825826 758.45845846 758.65865866 758.85885886
 759.05905906 759.25925926 759.45945946 759.65965966 759.85985986
 760.06006006 760.26026026 760.46046046 760.66066066 760.86086086
 761.06106106 761.26126126 761.46146146 761.66166166 761.86186186
 762.06206206 762.26226226 762.46246246 762.66266266 762.86286286
 763.06306306 763.26326326 763.46346346 763.66366366 763.86386386
 764.06406406 764.26426426 764.46446446 764.66466466 764.86486486
 765.06506507 765.26526527 765.46546547 765.66566567 765.86586587
 766.06606607 766.26626627 766.46646647 766.66666667 766.86686687
 767.06706707 767.26726727 767.46746747 767.66766767 767.86786787
 768.06806807 768.26826827 768.46846847 768.66866867 768.86886887
 769.06906907 769.26926927 769.46946947 769.66966967 769.86986987
 770.07007007 770.27027027 770.47047047 770.67067067 770.87087087
 771.07107107 771.27127127 771.47147147 771.67167167 771.87187187
 772.07207207 772.27227227 772.47247247 772.67267267 772.87287287
 773.07307307 773.27327327 773.47347347 773.67367367 773.87387387
 774.07407407 774.27427427 774.47447447 774.67467467 774.87487487
 775.07507508 775.27527528 775.47547548 775.67567568 775.87587588
 776.07607608 776.27627628 776.47647648 776.67667668 776.87687688
 777.07707708 777.27727728 777.47747748 777.67767768 777.87787788
 778.07807808 778.27827828 778.47847848 778.67867868 778.87887888
 779.07907908 779.27927928 779.47947948 779.67967968 779.87987988
 780.08008008 780.28028028 780.48048048 780.68068068 780.88088088
 781.08108108 781.28128128 781.48148148 781.68168168 781.88188188
 782.08208208 782.28228228 782.48248248 782.68268268 782.88288288
 783.08308308 783.28328328 783.48348348 783.68368368 783.88388388
 784.08408408 784.28428428 784.48448448 784.68468468 784.88488488
 785.08508509 785.28528529 785.48548549 785.68568569 785.88588589
 786.08608609 786.28628629 786.48648649 786.68668669 786.88688689
 787.08708709 787.28728729 787.48748749 787.68768769 787.88788789
 788.08808809 788.28828829 788.48848849 788.68868869 788.88888889
 789.08908909 789.28928929 789.48948949 789.68968969 789.88988989
 790.09009009 790.29029029 790.49049049 790.69069069 790.89089089
 791.09109109 791.29129129 791.49149149 791.69169169 791.89189189
 792.09209209 792.29229229 792.49249249 792.69269269 792.89289289
 793.09309309 793.29329329 793.49349349 793.69369369 793.89389389
 794.09409409 794.29429429 794.49449449 794.69469469 794.89489489
 795.0950951  795.2952953  795.4954955  795.6956957  795.8958959
 796.0960961  796.2962963  796.4964965  796.6966967  796.8968969
 797.0970971  797.2972973  797.4974975  797.6976977  797.8978979
 798.0980981  798.2982983  798.4984985  798.6986987  798.8988989
 799.0990991  799.2992993  799.4994995  799.6996997  799.8998999
 800.1001001  800.3003003  800.5005005  800.7007007  800.9009009
 801.1011011  801.3013013  801.5015015  801.7017017  801.9019019
 802.1021021  802.3023023  802.5025025  802.7027027  802.9029029
 803.1031031  803.3033033  803.5035035  803.7037037  803.9039039
 804.1041041  804.3043043  804.5045045  804.7047047  804.9049049
 805.10510511 805.30530531 805.50550551 805.70570571 805.90590591
 806.10610611 806.30630631 806.50650651 806.70670671 806.90690691
 807.10710711 807.30730731 807.50750751 807.70770771 807.90790791
 808.10810811 808.30830831 808.50850851 808.70870871 808.90890891
 809.10910911 809.30930931 809.50950951 809.70970971 809.90990991
 810.11011011 810.31031031 810.51051051 810.71071071 810.91091091
 811.11111111 811.31131131 811.51151151 811.71171171 811.91191191
 812.11211211 812.31231231 812.51251251 812.71271271 812.91291291
 813.11311311 813.31331331 813.51351351 813.71371371 813.91391391
 814.11411411 814.31431431 814.51451451 814.71471471 814.91491491
 815.11511512 815.31531532 815.51551552 815.71571572 815.91591592
 816.11611612 816.31631632 816.51651652 816.71671672 816.91691692
 817.11711712 817.31731732 817.51751752 817.71771772 817.91791792
 818.11811812 818.31831832 818.51851852 818.71871872 818.91891892
 819.11911912 819.31931932 819.51951952 819.71971972 819.91991992
 820.12012012 820.32032032 820.52052052 820.72072072 820.92092092
 821.12112112 821.32132132 821.52152152 821.72172172 821.92192192
 822.12212212 822.32232232 822.52252252 822.72272272 822.92292292
 823.12312312 823.32332332 823.52352352 823.72372372 823.92392392
 824.12412412 824.32432432 824.52452452 824.72472472 824.92492492
 825.12512513 825.32532533 825.52552553 825.72572573 825.92592593
 826.12612613 826.32632633 826.52652653 826.72672673 826.92692693
 827.12712713 827.32732733 827.52752753 827.72772773 827.92792793
 828.12812813 828.32832833 828.52852853 828.72872873 828.92892893
 829.12912913 829.32932933 829.52952953 829.72972973 829.92992993
 830.13013013 830.33033033 830.53053053 830.73073073 830.93093093
 831.13113113 831.33133133 831.53153153 831.73173173 831.93193193
 832.13213213 832.33233233 832.53253253 832.73273273 832.93293293
 833.13313313 833.33333333 833.53353353 833.73373373 833.93393393
 834.13413413 834.33433433 834.53453453 834.73473473 834.93493493
 835.13513514 835.33533534 835.53553554 835.73573574 835.93593594
 836.13613614 836.33633634 836.53653654 836.73673674 836.93693694
 837.13713714 837.33733734 837.53753754 837.73773774 837.93793794
 838.13813814 838.33833834 838.53853854 838.73873874 838.93893894
 839.13913914 839.33933934 839.53953954 839.73973974 839.93993994
 840.14014014 840.34034034 840.54054054 840.74074074 840.94094094
 841.14114114 841.34134134 841.54154154 841.74174174 841.94194194
 842.14214214 842.34234234 842.54254254 842.74274274 842.94294294
 843.14314314 843.34334334 843.54354354 843.74374374 843.94394394
 844.14414414 844.34434434 844.54454454 844.74474474 844.94494494
 845.14514515 845.34534535 845.54554555 845.74574575 845.94594595
 846.14614615 846.34634635 846.54654655 846.74674675 846.94694695
 847.14714715 847.34734735 847.54754755 847.74774775 847.94794795
 848.14814815 848.34834835 848.54854855 848.74874875 848.94894895
 849.14914915 849.34934935 849.54954955 849.74974975 849.94994995
 850.15015015 850.35035035 850.55055055 850.75075075 850.95095095
 851.15115115 851.35135135 851.55155155 851.75175175 851.95195195
 852.15215215 852.35235235 852.55255255 852.75275275 852.95295295
 853.15315315 853.35335335 853.55355355 853.75375375 853.95395395
 854.15415415 854.35435435 854.55455455 854.75475475 854.95495495
 855.15515516 855.35535536 855.55555556 855.75575576 855.95595596
 856.15615616 856.35635636 856.55655656 856.75675676 856.95695696
 857.15715716 857.35735736 857.55755756 857.75775776 857.95795796
 858.15815816 858.35835836 858.55855856 858.75875876 858.95895896
 859.15915916 859.35935936 859.55955956 859.75975976 859.95995996
 860.16016016 860.36036036 860.56056056 860.76076076 860.96096096
 861.16116116 861.36136136 861.56156156 861.76176176 861.96196196
 862.16216216 862.36236236 862.56256256 862.76276276 862.96296296
 863.16316316 863.36336336 863.56356356 863.76376376 863.96396396
 864.16416416 864.36436436 864.56456456 864.76476476 864.96496496
 865.16516517 865.36536537 865.56556557 865.76576577 865.96596597
 866.16616617 866.36636637 866.56656657 866.76676677 866.96696697
 867.16716717 867.36736737 867.56756757 867.76776777 867.96796797
 868.16816817 868.36836837 868.56856857 868.76876877 868.96896897
 869.16916917 869.36936937 869.56956957 869.76976977 869.96996997
 870.17017017 870.37037037 870.57057057 870.77077077 870.97097097
 871.17117117 871.37137137 871.57157157 871.77177177 871.97197197
 872.17217217 872.37237237 872.57257257 872.77277277 872.97297297
 873.17317317 873.37337337 873.57357357 873.77377377 873.97397397
 874.17417417 874.37437437 874.57457457 874.77477477 874.97497497
 875.17517518 875.37537538 875.57557558 875.77577578 875.97597598
 876.17617618 876.37637638 876.57657658 876.77677678 876.97697698
 877.17717718 877.37737738 877.57757758 877.77777778 877.97797798
 878.17817818 878.37837838 878.57857858 878.77877878 878.97897898
 879.17917918 879.37937938 879.57957958 879.77977978 879.97997998
 880.18018018 880.38038038 880.58058058 880.78078078 880.98098098
 881.18118118 881.38138138 881.58158158 881.78178178 881.98198198
 882.18218218 882.38238238 882.58258258 882.78278278 882.98298298
 883.18318318 883.38338338 883.58358358 883.78378378 883.98398398
 884.18418418 884.38438438 884.58458458 884.78478478 884.98498498
 885.18518519 885.38538539 885.58558559 885.78578579 885.98598599
 886.18618619 886.38638639 886.58658659 886.78678679 886.98698699
 887.18718719 887.38738739 887.58758759 887.78778779 887.98798799
 888.18818819 888.38838839 888.58858859 888.78878879 888.98898899
 889.18918919 889.38938939 889.58958959 889.78978979 889.98998999
 890.19019019 890.39039039 890.59059059 890.79079079 890.99099099
 891.19119119 891.39139139 891.59159159 891.79179179 891.99199199
 892.19219219 892.39239239 892.59259259 892.79279279 892.99299299
 893.19319319 893.39339339 893.59359359 893.79379379 893.99399399
 894.19419419 894.39439439 894.59459459 894.79479479 894.99499499
 895.1951952  895.3953954  895.5955956  895.7957958  895.995996
 896.1961962  896.3963964  896.5965966  896.7967968  896.996997
 897.1971972  897.3973974  897.5975976  897.7977978  897.997998
 898.1981982  898.3983984  898.5985986  898.7987988  898.998999
 899.1991992  899.3993994  899.5995996  899.7997998  900.        ]
phi_lambda = 0
load_phase = False
